{
  "cells": [
    {
      "cell_type": "markdown",
      "metadata": {
        "id": "view-in-github",
        "colab_type": "text"
      },
      "source": [
        "<a href=\"https://colab.research.google.com/github/j-agbaje/PCA_Assignment/blob/main/Template_PCA_Formative_1%5BJeremiah_Agbaje%5D.ipynb\" target=\"_parent\"><img src=\"https://colab.research.google.com/assets/colab-badge.svg\" alt=\"Open In Colab\"/></a>"
      ]
    },
    {
      "cell_type": "markdown",
      "metadata": {
        "id": "rUgM1es0lZpD"
      },
      "source": [
        "# Formative Assignment: Advanced Linear Algebra (PCA)\n",
        "This notebook will guide you through the implementation of Principal Component Analysis (PCA). Fill in the missing code and provide the required answers in the appropriate sections. You will work with the `fuel_econ.csv` dataset.\n",
        "\n",
        "Make sure to display outputs for each code cell when submitting."
      ]
    },
    {
      "cell_type": "markdown",
      "metadata": {
        "id": "qKVbabvwlZpI"
      },
      "source": [
        "### Step 1: Load and Standardize the Data\n",
        "Before applying PCA, we must standardize the dataset. Standardization ensures that all features have a mean of 0 and a standard deviation of 1, which is essential for PCA.\n",
        "Fill in the code to standardize the dataset."
      ]
    },
    {
      "cell_type": "code",
      "execution_count": 102,
      "metadata": {
        "id": "amVKEiYhlZpJ",
        "outputId": "309eaf97-bf01-4786-b5d1-a6e262d68e9b",
        "colab": {
          "base_uri": "https://localhost:8080/"
        }
      },
      "outputs": [
        {
          "output_type": "stream",
          "name": "stdout",
          "text": [
            "[[-1.73714048  0.         -0.11140046 -1.47583548  0.          0.\n",
            "   0.          0.          0.28310163  0.65053594  1.46709627 -1.21737766\n",
            "  -0.85996012 -0.85242986 -1.29062982 -1.39247459 -1.00832279  1.02283829\n",
            "  -0.95057953 -0.94575548]\n",
            " [-1.73668367  0.         -0.11140046 -1.47583548  0.          0.\n",
            "   0.          0.         -0.78181585 -0.72799833  1.86476224 -1.21737766\n",
            "   0.00642675 -0.11743408  0.18494654 -0.03920038  0.07186379 -0.29854998\n",
            "   0.1886082   0.1942578 ]\n",
            " [-1.73622685  0.         -0.11140046 -1.47583548  0.          0.\n",
            "   0.          0.          0.28310163  0.49736547  1.86476224 -1.21737766\n",
            "  -0.69441634 -0.75324472 -0.5920197  -0.85174957 -0.68633929  0.56793413\n",
            "  -0.38098566 -0.37574884]\n",
            " [-1.73577004  0.         -0.11140046 -1.47583548  0.          0.\n",
            "   0.          0.          0.28310163  0.49736547  1.86476224 -1.21737766\n",
            "  -0.78280029 -0.830286   -0.82738386 -1.02758796 -0.81865124  0.752062\n",
            "  -0.38098566 -0.37574884]\n",
            " [-1.73531322  0.         -0.11140046 -1.47583548  0.          0.\n",
            "   0.          0.         -0.78181585 -0.42165738 -0.62727784  0.73489021\n",
            "   0.47108294  0.43314691  0.96751585  0.99253135  0.64805881 -0.72096098\n",
            "   1.32779592  1.33427108]]\n"
          ]
        }
      ],
      "source": [
        "# Step 1: Load and Standardize the data (use of numpy only allowed)\n",
        "import numpy as np\n",
        "\n",
        "# Load data from CSV (skip header)\n",
        "data = np.genfromtxt('/content/fuel_econ.csv', delimiter=',', skip_header=1)\n",
        "\n",
        "# Imputation: Replace NaNs with 0\n",
        "data = np.nan_to_num(data, nan=0.0)\n",
        "means = np.mean(data, axis=0)\n",
        "std_devs = np.std(data, axis=0)\n",
        "\n",
        "# Avoid division by zero for columns with zero standard deviation\n",
        "std_devs[std_devs == 0] = 1\n",
        "\n",
        "\n",
        "standardized_data = (data - means) / std_devs # Do not use sklearn (Data - Data Mean)/ Data's Standard Deviation\n",
        "standardized_data[:5]  # Display the first few rows of standardized data\n",
        "\n"
      ]
    },
    {
      "cell_type": "markdown",
      "metadata": {
        "id": "_KaWav7HlZpL"
      },
      "source": [
        "### Step 3: Calculate the Covariance Matrix\n",
        "The covariance matrix helps us understand how the features are related to each other. It is a key component in PCA."
      ]
    },
    {
      "cell_type": "code",
      "execution_count": 103,
      "metadata": {
        "id": "ZsAG3lzElZpL",
        "outputId": "9946860f-6947-4c68-d329-87b52faf5ca4",
        "colab": {
          "base_uri": "https://localhost:8080/"
        }
      },
      "outputs": [
        {
          "output_type": "execute_result",
          "data": {
            "text/plain": [
              "array([[ 1.00025458,  0.        , -0.00937631,  0.98591866,  0.        ,\n",
              "         0.        ,  0.        ,  0.        , -0.06011148, -0.07468488,\n",
              "        -0.00657025, -0.02195656,  0.09182316,  0.09124849,  0.0906161 ,\n",
              "         0.09538375,  0.09382686, -0.09974229, -0.1279056 , -0.12235207],\n",
              "       [ 0.        ,  0.        ,  0.        ,  0.        ,  0.        ,\n",
              "         0.        ,  0.        ,  0.        ,  0.        ,  0.        ,\n",
              "         0.        ,  0.        ,  0.        ,  0.        ,  0.        ,\n",
              "         0.        ,  0.        ,  0.        ,  0.        ,  0.        ],\n",
              "       [-0.00937631,  0.        ,  1.00025458, -0.01438515,  0.        ,\n",
              "         0.        ,  0.        ,  0.        , -0.03195883, -0.03490136,\n",
              "        -0.0655699 , -0.02088278,  0.02840705,  0.0264358 ,  0.04120921,\n",
              "         0.04286928,  0.0331644 , -0.03932048,  0.04295895,  0.04360438],\n",
              "       [ 0.98591866,  0.        , -0.01438515,  1.00025458,  0.        ,\n",
              "         0.        ,  0.        ,  0.        , -0.05532701, -0.07044161,\n",
              "         0.00623397, -0.03365174,  0.06806739,  0.06675938,  0.07330836,\n",
              "         0.07766039,  0.07201181, -0.0811853 , -0.1498676 , -0.14517775],\n",
              "       [ 0.        ,  0.        ,  0.        ,  0.        ,  0.        ,\n",
              "         0.        ,  0.        ,  0.        ,  0.        ,  0.        ,\n",
              "         0.        ,  0.        ,  0.        ,  0.        ,  0.        ,\n",
              "         0.        ,  0.        ,  0.        ,  0.        ,  0.        ],\n",
              "       [ 0.        ,  0.        ,  0.        ,  0.        ,  0.        ,\n",
              "         0.        ,  0.        ,  0.        ,  0.        ,  0.        ,\n",
              "         0.        ,  0.        ,  0.        ,  0.        ,  0.        ,\n",
              "         0.        ,  0.        ,  0.        ,  0.        ,  0.        ],\n",
              "       [ 0.        ,  0.        ,  0.        ,  0.        ,  0.        ,\n",
              "         0.        ,  0.        ,  0.        ,  0.        ,  0.        ,\n",
              "         0.        ,  0.        ,  0.        ,  0.        ,  0.        ,\n",
              "         0.        ,  0.        ,  0.        ,  0.        ,  0.        ],\n",
              "       [ 0.        ,  0.        ,  0.        ,  0.        ,  0.        ,\n",
              "         0.        ,  0.        ,  0.        ,  0.        ,  0.        ,\n",
              "         0.        ,  0.        ,  0.        ,  0.        ,  0.        ,\n",
              "         0.        ,  0.        ,  0.        ,  0.        ,  0.        ],\n",
              "       [-0.06011148,  0.        , -0.03195883, -0.05532701,  0.        ,\n",
              "         0.        ,  0.        ,  0.        ,  1.00025458,  0.93411019,\n",
              "         0.24763384, -0.00426546, -0.69327904, -0.66619842, -0.76646982,\n",
              "        -0.77169964, -0.73821112,  0.84848979, -0.78405759, -0.78201448],\n",
              "       [-0.07468488,  0.        , -0.03490136, -0.07044161,  0.        ,\n",
              "         0.        ,  0.        ,  0.        ,  0.93411019,  1.00025458,\n",
              "         0.2594021 ,  0.02207729, -0.71366074, -0.6863403 , -0.78418374,\n",
              "        -0.78865771, -0.75859024,  0.85559254, -0.7936343 , -0.79141752],\n",
              "       [-0.00657025,  0.        , -0.0655699 ,  0.00623397,  0.        ,\n",
              "         0.        ,  0.        ,  0.        ,  0.24763384,  0.2594021 ,\n",
              "         1.00025458, -0.66581137, -0.27817962, -0.27261515, -0.29688365,\n",
              "        -0.29858023, -0.29095711,  0.28727323, -0.2961638 , -0.29323103],\n",
              "       [-0.02195656,  0.        , -0.02088278, -0.03365174,  0.        ,\n",
              "         0.        ,  0.        ,  0.        , -0.00426546,  0.02207729,\n",
              "        -0.66581137,  1.00025458,  0.03519659,  0.03787859,  0.07497068,\n",
              "         0.07746161,  0.04734493, -0.05016567,  0.06489226,  0.06527952],\n",
              "       [ 0.09182316,  0.        ,  0.02840705,  0.06806739,  0.        ,\n",
              "         0.        ,  0.        ,  0.        , -0.69327904, -0.71366074,\n",
              "        -0.27817962,  0.03519659,  1.00025458,  0.99663082,  0.9156677 ,\n",
              "         0.90989004,  0.98980432, -0.90453509,  0.9059112 ,  0.89902154],\n",
              "       [ 0.09124849,  0.        ,  0.0264358 ,  0.06675938,  0.        ,\n",
              "         0.        ,  0.        ,  0.        , -0.66619842, -0.6863403 ,\n",
              "        -0.27261515,  0.03787859,  0.99663082,  1.00025458,  0.89978578,\n",
              "         0.89804238,  0.98135571, -0.8860481 ,  0.89152389,  0.88468357],\n",
              "       [ 0.0906161 ,  0.        ,  0.04120921,  0.07330836,  0.        ,\n",
              "         0.        ,  0.        ,  0.        , -0.76646982, -0.78418374,\n",
              "        -0.29688365,  0.07497068,  0.9156677 ,  0.89978578,  1.00025458,\n",
              "         0.99244327,  0.9630022 , -0.91668944,  0.91434884,  0.89781322],\n",
              "       [ 0.09538375,  0.        ,  0.04286928,  0.07766039,  0.        ,\n",
              "         0.        ,  0.        ,  0.        , -0.77169964, -0.78865771,\n",
              "        -0.29858023,  0.07746161,  0.90989004,  0.89804238,  0.99244327,\n",
              "         1.00025458,  0.95682339, -0.91234956,  0.91158665,  0.89454192],\n",
              "       [ 0.09382686,  0.        ,  0.0331644 ,  0.07201181,  0.        ,\n",
              "         0.        ,  0.        ,  0.        , -0.73821112, -0.75859024,\n",
              "        -0.29095711,  0.04734493,  0.98980432,  0.98135571,  0.9630022 ,\n",
              "         0.95682339,  1.00025458, -0.92963549,  0.92909879,  0.91904062],\n",
              "       [-0.09974229,  0.        , -0.03932048, -0.0811853 ,  0.        ,\n",
              "         0.        ,  0.        ,  0.        ,  0.84848979,  0.85559254,\n",
              "         0.28727323, -0.05016567, -0.90453509, -0.8860481 , -0.91668944,\n",
              "        -0.91234956, -0.92963549,  1.00025458, -0.94086368, -0.94480617],\n",
              "       [-0.1279056 ,  0.        ,  0.04295895, -0.1498676 ,  0.        ,\n",
              "         0.        ,  0.        ,  0.        , -0.78405759, -0.7936343 ,\n",
              "        -0.2961638 ,  0.06489226,  0.9059112 ,  0.89152389,  0.91434884,\n",
              "         0.91158665,  0.92909879, -0.94086368,  1.00025458,  0.99448412],\n",
              "       [-0.12235207,  0.        ,  0.04360438, -0.14517775,  0.        ,\n",
              "         0.        ,  0.        ,  0.        , -0.78201448, -0.79141752,\n",
              "        -0.29323103,  0.06527952,  0.89902154,  0.88468357,  0.89781322,\n",
              "         0.89454192,  0.91904062, -0.94480617,  0.99448412,  1.00025458]])"
            ]
          },
          "metadata": {},
          "execution_count": 103
        }
      ],
      "source": [
        "# Step 3: Calculate the Covariance Matrix\n",
        "\n",
        "cov_matrix = np.cov(standardized_data, rowvar=False)  # Calculate covariance matrix\n",
        "cov_matrix"
      ]
    },
    {
      "cell_type": "markdown",
      "metadata": {
        "id": "M2p3SVHWlZpM"
      },
      "source": [
        "### Step 4: Perform Eigendecomposition\n",
        "Eigendecomposition of the covariance matrix will give us the eigenvalues and eigenvectors, which are essential for PCA.\n",
        "Fill in the code to compute the eigenvalues and eigenvectors of the covariance matrix."
      ]
    },
    {
      "cell_type": "code",
      "execution_count": 104,
      "metadata": {
        "id": "Ish4tZ0AlZpN",
        "outputId": "c533edd8-ffe2-4a25-b1a9-afe5eec38aef",
        "colab": {
          "base_uri": "https://localhost:8080/"
        }
      },
      "outputs": [
        {
          "output_type": "execute_result",
          "data": {
            "text/plain": [
              "(array([8.95905759e+00, 2.06823618e+00, 1.59405184e+00, 1.00233008e+00,\n",
              "        6.70048859e-01, 2.98080013e-01, 1.60799414e-01, 1.25143554e-01,\n",
              "        6.40134411e-02, 3.23518907e-02, 1.36850804e-02, 9.24439808e-03,\n",
              "        4.24567886e-03, 2.14355883e-03, 3.87172096e-04, 0.00000000e+00,\n",
              "        0.00000000e+00, 0.00000000e+00, 0.00000000e+00, 0.00000000e+00]),\n",
              " array([[ 1.89658210e-02, -6.87461410e-01, -7.73769649e-02,\n",
              "         -1.35344259e-02, -1.88617861e-02,  1.56639861e-02,\n",
              "         -7.16805873e-02,  1.13602037e-01,  3.94180045e-03,\n",
              "         -1.15258290e-01, -6.95603326e-01,  6.76161128e-02,\n",
              "         -2.08748410e-02,  7.07884868e-03,  5.19897476e-04,\n",
              "          0.00000000e+00,  0.00000000e+00,  0.00000000e+00,\n",
              "          0.00000000e+00,  0.00000000e+00],\n",
              "        [ 0.00000000e+00,  0.00000000e+00,  0.00000000e+00,\n",
              "          0.00000000e+00,  0.00000000e+00,  0.00000000e+00,\n",
              "          0.00000000e+00,  0.00000000e+00,  0.00000000e+00,\n",
              "          0.00000000e+00,  0.00000000e+00,  0.00000000e+00,\n",
              "          0.00000000e+00,  0.00000000e+00,  0.00000000e+00,\n",
              "          1.00000000e+00,  0.00000000e+00,  0.00000000e+00,\n",
              "          0.00000000e+00,  0.00000000e+00],\n",
              "        [ 1.52380907e-02,  2.06751271e-02, -2.62459330e-02,\n",
              "         -9.95583259e-01, -4.00286891e-02,  7.14173275e-02,\n",
              "         -1.62178525e-02, -2.18279690e-02, -2.78004937e-03,\n",
              "         -1.02798714e-03,  3.38979742e-03,  1.38713242e-03,\n",
              "         -8.44712681e-04,  1.53119354e-04,  5.64729973e-04,\n",
              "          0.00000000e+00,  0.00000000e+00,  0.00000000e+00,\n",
              "          0.00000000e+00,  0.00000000e+00],\n",
              "        [ 1.24335393e-02, -6.89330834e-01, -6.96294060e-02,\n",
              "         -1.05615333e-02,  9.18359983e-03,  1.38776071e-02,\n",
              "         -3.44510774e-02,  8.52465698e-02, -7.35526055e-03,\n",
              "         -5.47537015e-02,  7.10484173e-01, -5.51044434e-02,\n",
              "          9.28644729e-03,  3.55992877e-04, -3.89024612e-03,\n",
              "          0.00000000e+00,  0.00000000e+00,  0.00000000e+00,\n",
              "          0.00000000e+00,  0.00000000e+00],\n",
              "        [ 0.00000000e+00,  0.00000000e+00,  0.00000000e+00,\n",
              "          0.00000000e+00,  0.00000000e+00,  0.00000000e+00,\n",
              "          0.00000000e+00,  0.00000000e+00,  0.00000000e+00,\n",
              "          0.00000000e+00,  0.00000000e+00,  0.00000000e+00,\n",
              "          0.00000000e+00,  0.00000000e+00,  0.00000000e+00,\n",
              "          0.00000000e+00,  1.00000000e+00,  0.00000000e+00,\n",
              "          0.00000000e+00,  0.00000000e+00],\n",
              "        [ 0.00000000e+00,  0.00000000e+00,  0.00000000e+00,\n",
              "          0.00000000e+00,  0.00000000e+00,  0.00000000e+00,\n",
              "          0.00000000e+00,  0.00000000e+00,  0.00000000e+00,\n",
              "          0.00000000e+00,  0.00000000e+00,  0.00000000e+00,\n",
              "          0.00000000e+00,  0.00000000e+00,  0.00000000e+00,\n",
              "          0.00000000e+00,  0.00000000e+00,  1.00000000e+00,\n",
              "          0.00000000e+00,  0.00000000e+00],\n",
              "        [ 0.00000000e+00,  0.00000000e+00,  0.00000000e+00,\n",
              "          0.00000000e+00,  0.00000000e+00,  0.00000000e+00,\n",
              "          0.00000000e+00,  0.00000000e+00,  0.00000000e+00,\n",
              "          0.00000000e+00,  0.00000000e+00,  0.00000000e+00,\n",
              "          0.00000000e+00,  0.00000000e+00,  0.00000000e+00,\n",
              "          0.00000000e+00,  0.00000000e+00,  0.00000000e+00,\n",
              "          1.00000000e+00,  0.00000000e+00],\n",
              "        [ 0.00000000e+00,  0.00000000e+00,  0.00000000e+00,\n",
              "          0.00000000e+00,  0.00000000e+00,  0.00000000e+00,\n",
              "          0.00000000e+00,  0.00000000e+00,  0.00000000e+00,\n",
              "          0.00000000e+00,  0.00000000e+00,  0.00000000e+00,\n",
              "          0.00000000e+00,  0.00000000e+00,  0.00000000e+00,\n",
              "          0.00000000e+00,  0.00000000e+00,  0.00000000e+00,\n",
              "          0.00000000e+00,  1.00000000e+00],\n",
              "        [-2.81596405e-01,  1.99732230e-02, -5.61618890e-02,\n",
              "          1.01275004e-02, -6.01403194e-01, -9.31356798e-02,\n",
              "          6.92781245e-02,  2.55127498e-01, -6.79519200e-01,\n",
              "          1.19694281e-01,  2.14204023e-03, -1.99807297e-02,\n",
              "         -1.59959306e-02, -8.04303652e-03, -9.02284233e-04,\n",
              "          0.00000000e+00,  0.00000000e+00,  0.00000000e+00,\n",
              "          0.00000000e+00,  0.00000000e+00],\n",
              "        [-2.86109941e-01,  3.11462173e-02, -6.39268982e-02,\n",
              "          1.46886256e-02, -5.69037877e-01,  1.53236543e-02,\n",
              "         -3.25850256e-03,  2.40629672e-01,  7.26225416e-01,\n",
              "          5.27852819e-02,  1.86582855e-02, -2.71133269e-03,\n",
              "         -2.70352217e-03, -1.81313495e-02,  5.93755078e-03,\n",
              "          0.00000000e+00,  0.00000000e+00,  0.00000000e+00,\n",
              "          0.00000000e+00,  0.00000000e+00],\n",
              "        [-1.13826306e-01, -6.44151843e-02,  6.68913072e-01,\n",
              "          3.78508653e-02, -1.08296371e-01,  7.12399957e-01,\n",
              "         -6.10470586e-02, -8.83846076e-02, -5.37018502e-02,\n",
              "         -1.70996827e-02, -6.75864044e-04,  5.30152247e-03,\n",
              "         -2.62489932e-03, -4.75366060e-03,  1.46518625e-03,\n",
              "          0.00000000e+00,  0.00000000e+00,  0.00000000e+00,\n",
              "          0.00000000e+00,  0.00000000e+00],\n",
              "        [ 2.70345590e-02,  8.29915596e-02, -7.26421476e-01,\n",
              "          7.42316647e-02, -3.76952642e-02,  6.56413316e-01,\n",
              "         -9.06632935e-02, -1.20449603e-01, -6.14361208e-02,\n",
              "         -1.52222878e-02,  6.53515357e-03,  7.77438055e-03,\n",
              "         -3.55315437e-03, -5.46694168e-03,  1.98538061e-03,\n",
              "          0.00000000e+00,  0.00000000e+00,  0.00000000e+00,\n",
              "          0.00000000e+00,  0.00000000e+00],\n",
              "        [ 3.17996474e-01, -2.87535869e-02,  3.12334396e-02,\n",
              "          2.02799070e-02, -3.07125453e-01, -9.52647069e-02,\n",
              "         -2.30098721e-01, -3.49860407e-01, -1.89934615e-03,\n",
              "          4.34248019e-03,  1.71136221e-02,  1.67116834e-01,\n",
              "         -2.85884174e-02, -4.69722019e-01, -6.06808114e-01,\n",
              "          0.00000000e+00,  0.00000000e+00,  0.00000000e+00,\n",
              "          0.00000000e+00,  0.00000000e+00],\n",
              "        [ 3.13198651e-01, -2.85467638e-02,  2.91604841e-02,\n",
              "          2.29332194e-02, -3.49481396e-01, -1.00393513e-01,\n",
              "         -2.57769698e-01, -4.02666954e-01,  5.41445567e-03,\n",
              "         -5.02935276e-02, -1.81551212e-02, -3.40179238e-01,\n",
              "          3.71428589e-02,  6.39653146e-01,  9.88301959e-02,\n",
              "          0.00000000e+00,  0.00000000e+00,  0.00000000e+00,\n",
              "          0.00000000e+00,  0.00000000e+00],\n",
              "        [ 3.22277072e-01, -2.88388426e-02,  7.48992891e-03,\n",
              "          4.27297035e-03, -1.06719497e-01,  8.78345987e-02,\n",
              "          5.77937487e-01,  7.41637971e-02,  2.79804047e-02,\n",
              "          9.30453225e-02,  3.39850835e-02,  5.54421333e-01,\n",
              "          8.09628199e-02,  4.06977240e-01, -2.15526539e-01,\n",
              "          0.00000000e+00,  0.00000000e+00,  0.00000000e+00,\n",
              "          0.00000000e+00,  0.00000000e+00],\n",
              "        [ 3.21767522e-01, -3.19561110e-02,  5.08493282e-03,\n",
              "          2.20847459e-03, -9.26305735e-02,  9.27691095e-02,\n",
              "          5.97540780e-01,  5.84405637e-02,  3.29304108e-02,\n",
              "         -3.73479057e-02, -6.87889785e-02, -6.60494296e-01,\n",
              "          1.68015840e-02, -2.69977850e-01, -3.35062897e-02,\n",
              "          0.00000000e+00,  0.00000000e+00,  0.00000000e+00,\n",
              "          0.00000000e+00,  0.00000000e+00],\n",
              "        [ 3.26381760e-01, -2.97410245e-02,  2.48845689e-02,\n",
              "          1.49871914e-02, -2.31623940e-01, -3.68129285e-02,\n",
              "          3.71531837e-02, -1.97494383e-01,  2.40169353e-04,\n",
              "          2.43742937e-02,  2.72979422e-02,  3.06931789e-01,\n",
              "          1.58908138e-03, -3.55743416e-01,  7.57796121e-01,\n",
              "          0.00000000e+00,  0.00000000e+00,  0.00000000e+00,\n",
              "          0.00000000e+00,  0.00000000e+00],\n",
              "        [-3.24650275e-01,  3.10842392e-02, -2.94249405e-02,\n",
              "         -1.57540316e-03, -8.21285098e-02, -7.43579016e-02,\n",
              "          2.58233829e-01, -3.24766233e-01, -2.57662351e-02,\n",
              "         -8.31190848e-01,  2.89985413e-02,  9.61202840e-02,\n",
              "          8.09013254e-02, -1.25609993e-02, -3.27116767e-03,\n",
              "          0.00000000e+00,  0.00000000e+00,  0.00000000e+00,\n",
              "          0.00000000e+00,  0.00000000e+00],\n",
              "        [ 3.21871444e-01,  1.31787640e-01,  3.68387515e-02,\n",
              "          6.47234037e-03, -4.05425384e-02,  4.66158612e-02,\n",
              "         -1.53925533e-01,  4.10372471e-01, -1.87692688e-02,\n",
              "         -3.95098033e-01,  5.02016311e-02,  3.40268932e-02,\n",
              "         -7.19790537e-01,  5.88901243e-02, -4.14712591e-03,\n",
              "          0.00000000e+00,  0.00000000e+00,  0.00000000e+00,\n",
              "          0.00000000e+00,  0.00000000e+00],\n",
              "        [ 3.19804148e-01,  1.29124436e-01,  3.67703285e-02,\n",
              "          5.34476967e-03, -2.91110216e-02,  5.12623965e-02,\n",
              "         -2.72836663e-01,  4.77176344e-01, -3.46145842e-02,\n",
              "         -3.25428941e-01,  1.80329222e-02,  2.18365789e-03,\n",
              "          6.82286207e-01, -3.17990425e-02, -1.00699211e-02,\n",
              "          0.00000000e+00,  0.00000000e+00,  0.00000000e+00,\n",
              "          0.00000000e+00,  0.00000000e+00]]))"
            ]
          },
          "metadata": {},
          "execution_count": 104
        }
      ],
      "source": [
        "# Step 4: Perform Eigendecomposition\n",
        "eigenvalues, eigenvectors = np.linalg.eig(cov_matrix)  # Perform eigendecomposition\n",
        "eigenvalues, eigenvectors"
      ]
    },
    {
      "cell_type": "markdown",
      "metadata": {
        "id": "OkhdklwXlZpN"
      },
      "source": [
        "### Step 5: Sort Principal Components\n",
        "Sort the eigenvectors based on their corresponding eigenvalues in descending order. The higher the eigenvalue, the more important the eigenvector.\n",
        "Complete the code to sort the eigenvectors and print the sorted components."
      ]
    },
    {
      "cell_type": "code",
      "execution_count": 105,
      "metadata": {
        "id": "oSsF8rxHlZpO",
        "outputId": "ce037e53-5279-490b-ae03-f1c7cf6fce9d",
        "colab": {
          "base_uri": "https://localhost:8080/"
        }
      },
      "outputs": [
        {
          "output_type": "execute_result",
          "data": {
            "text/plain": [
              "array([[ 1.89658210e-02, -6.87461410e-01, -7.73769649e-02,\n",
              "        -1.35344259e-02, -1.88617861e-02,  1.56639861e-02,\n",
              "        -7.16805873e-02,  1.13602037e-01,  3.94180045e-03,\n",
              "        -1.15258290e-01, -6.95603326e-01,  6.76161128e-02,\n",
              "        -2.08748410e-02,  7.07884868e-03,  5.19897476e-04,\n",
              "         0.00000000e+00,  0.00000000e+00,  0.00000000e+00,\n",
              "         0.00000000e+00,  0.00000000e+00],\n",
              "       [ 0.00000000e+00,  0.00000000e+00,  0.00000000e+00,\n",
              "         0.00000000e+00,  0.00000000e+00,  0.00000000e+00,\n",
              "         0.00000000e+00,  0.00000000e+00,  0.00000000e+00,\n",
              "         0.00000000e+00,  0.00000000e+00,  0.00000000e+00,\n",
              "         0.00000000e+00,  0.00000000e+00,  0.00000000e+00,\n",
              "         0.00000000e+00,  1.00000000e+00,  0.00000000e+00,\n",
              "         0.00000000e+00,  0.00000000e+00],\n",
              "       [ 1.52380907e-02,  2.06751271e-02, -2.62459330e-02,\n",
              "        -9.95583259e-01, -4.00286891e-02,  7.14173275e-02,\n",
              "        -1.62178525e-02, -2.18279690e-02, -2.78004937e-03,\n",
              "        -1.02798714e-03,  3.38979742e-03,  1.38713242e-03,\n",
              "        -8.44712681e-04,  1.53119354e-04,  5.64729973e-04,\n",
              "         0.00000000e+00,  0.00000000e+00,  0.00000000e+00,\n",
              "         0.00000000e+00,  0.00000000e+00],\n",
              "       [ 1.24335393e-02, -6.89330834e-01, -6.96294060e-02,\n",
              "        -1.05615333e-02,  9.18359983e-03,  1.38776071e-02,\n",
              "        -3.44510774e-02,  8.52465698e-02, -7.35526055e-03,\n",
              "        -5.47537015e-02,  7.10484173e-01, -5.51044434e-02,\n",
              "         9.28644729e-03,  3.55992877e-04, -3.89024612e-03,\n",
              "         0.00000000e+00,  0.00000000e+00,  0.00000000e+00,\n",
              "         0.00000000e+00,  0.00000000e+00],\n",
              "       [ 0.00000000e+00,  0.00000000e+00,  0.00000000e+00,\n",
              "         0.00000000e+00,  0.00000000e+00,  0.00000000e+00,\n",
              "         0.00000000e+00,  0.00000000e+00,  0.00000000e+00,\n",
              "         0.00000000e+00,  0.00000000e+00,  0.00000000e+00,\n",
              "         0.00000000e+00,  0.00000000e+00,  0.00000000e+00,\n",
              "         0.00000000e+00,  0.00000000e+00,  1.00000000e+00,\n",
              "         0.00000000e+00,  0.00000000e+00],\n",
              "       [ 0.00000000e+00,  0.00000000e+00,  0.00000000e+00,\n",
              "         0.00000000e+00,  0.00000000e+00,  0.00000000e+00,\n",
              "         0.00000000e+00,  0.00000000e+00,  0.00000000e+00,\n",
              "         0.00000000e+00,  0.00000000e+00,  0.00000000e+00,\n",
              "         0.00000000e+00,  0.00000000e+00,  0.00000000e+00,\n",
              "         0.00000000e+00,  0.00000000e+00,  0.00000000e+00,\n",
              "         1.00000000e+00,  0.00000000e+00],\n",
              "       [ 0.00000000e+00,  0.00000000e+00,  0.00000000e+00,\n",
              "         0.00000000e+00,  0.00000000e+00,  0.00000000e+00,\n",
              "         0.00000000e+00,  0.00000000e+00,  0.00000000e+00,\n",
              "         0.00000000e+00,  0.00000000e+00,  0.00000000e+00,\n",
              "         0.00000000e+00,  0.00000000e+00,  0.00000000e+00,\n",
              "         1.00000000e+00,  0.00000000e+00,  0.00000000e+00,\n",
              "         0.00000000e+00,  0.00000000e+00],\n",
              "       [ 0.00000000e+00,  0.00000000e+00,  0.00000000e+00,\n",
              "         0.00000000e+00,  0.00000000e+00,  0.00000000e+00,\n",
              "         0.00000000e+00,  0.00000000e+00,  0.00000000e+00,\n",
              "         0.00000000e+00,  0.00000000e+00,  0.00000000e+00,\n",
              "         0.00000000e+00,  0.00000000e+00,  0.00000000e+00,\n",
              "         0.00000000e+00,  0.00000000e+00,  0.00000000e+00,\n",
              "         0.00000000e+00,  1.00000000e+00],\n",
              "       [-2.81596405e-01,  1.99732230e-02, -5.61618890e-02,\n",
              "         1.01275004e-02, -6.01403194e-01, -9.31356798e-02,\n",
              "         6.92781245e-02,  2.55127498e-01, -6.79519200e-01,\n",
              "         1.19694281e-01,  2.14204023e-03, -1.99807297e-02,\n",
              "        -1.59959306e-02, -8.04303652e-03, -9.02284233e-04,\n",
              "         0.00000000e+00,  0.00000000e+00,  0.00000000e+00,\n",
              "         0.00000000e+00,  0.00000000e+00],\n",
              "       [-2.86109941e-01,  3.11462173e-02, -6.39268982e-02,\n",
              "         1.46886256e-02, -5.69037877e-01,  1.53236543e-02,\n",
              "        -3.25850256e-03,  2.40629672e-01,  7.26225416e-01,\n",
              "         5.27852819e-02,  1.86582855e-02, -2.71133269e-03,\n",
              "        -2.70352217e-03, -1.81313495e-02,  5.93755078e-03,\n",
              "         0.00000000e+00,  0.00000000e+00,  0.00000000e+00,\n",
              "         0.00000000e+00,  0.00000000e+00],\n",
              "       [-1.13826306e-01, -6.44151843e-02,  6.68913072e-01,\n",
              "         3.78508653e-02, -1.08296371e-01,  7.12399957e-01,\n",
              "        -6.10470586e-02, -8.83846076e-02, -5.37018502e-02,\n",
              "        -1.70996827e-02, -6.75864044e-04,  5.30152247e-03,\n",
              "        -2.62489932e-03, -4.75366060e-03,  1.46518625e-03,\n",
              "         0.00000000e+00,  0.00000000e+00,  0.00000000e+00,\n",
              "         0.00000000e+00,  0.00000000e+00],\n",
              "       [ 2.70345590e-02,  8.29915596e-02, -7.26421476e-01,\n",
              "         7.42316647e-02, -3.76952642e-02,  6.56413316e-01,\n",
              "        -9.06632935e-02, -1.20449603e-01, -6.14361208e-02,\n",
              "        -1.52222878e-02,  6.53515357e-03,  7.77438055e-03,\n",
              "        -3.55315437e-03, -5.46694168e-03,  1.98538061e-03,\n",
              "         0.00000000e+00,  0.00000000e+00,  0.00000000e+00,\n",
              "         0.00000000e+00,  0.00000000e+00],\n",
              "       [ 3.17996474e-01, -2.87535869e-02,  3.12334396e-02,\n",
              "         2.02799070e-02, -3.07125453e-01, -9.52647069e-02,\n",
              "        -2.30098721e-01, -3.49860407e-01, -1.89934615e-03,\n",
              "         4.34248019e-03,  1.71136221e-02,  1.67116834e-01,\n",
              "        -2.85884174e-02, -4.69722019e-01, -6.06808114e-01,\n",
              "         0.00000000e+00,  0.00000000e+00,  0.00000000e+00,\n",
              "         0.00000000e+00,  0.00000000e+00],\n",
              "       [ 3.13198651e-01, -2.85467638e-02,  2.91604841e-02,\n",
              "         2.29332194e-02, -3.49481396e-01, -1.00393513e-01,\n",
              "        -2.57769698e-01, -4.02666954e-01,  5.41445567e-03,\n",
              "        -5.02935276e-02, -1.81551212e-02, -3.40179238e-01,\n",
              "         3.71428589e-02,  6.39653146e-01,  9.88301959e-02,\n",
              "         0.00000000e+00,  0.00000000e+00,  0.00000000e+00,\n",
              "         0.00000000e+00,  0.00000000e+00],\n",
              "       [ 3.22277072e-01, -2.88388426e-02,  7.48992891e-03,\n",
              "         4.27297035e-03, -1.06719497e-01,  8.78345987e-02,\n",
              "         5.77937487e-01,  7.41637971e-02,  2.79804047e-02,\n",
              "         9.30453225e-02,  3.39850835e-02,  5.54421333e-01,\n",
              "         8.09628199e-02,  4.06977240e-01, -2.15526539e-01,\n",
              "         0.00000000e+00,  0.00000000e+00,  0.00000000e+00,\n",
              "         0.00000000e+00,  0.00000000e+00],\n",
              "       [ 3.21767522e-01, -3.19561110e-02,  5.08493282e-03,\n",
              "         2.20847459e-03, -9.26305735e-02,  9.27691095e-02,\n",
              "         5.97540780e-01,  5.84405637e-02,  3.29304108e-02,\n",
              "        -3.73479057e-02, -6.87889785e-02, -6.60494296e-01,\n",
              "         1.68015840e-02, -2.69977850e-01, -3.35062897e-02,\n",
              "         0.00000000e+00,  0.00000000e+00,  0.00000000e+00,\n",
              "         0.00000000e+00,  0.00000000e+00],\n",
              "       [ 3.26381760e-01, -2.97410245e-02,  2.48845689e-02,\n",
              "         1.49871914e-02, -2.31623940e-01, -3.68129285e-02,\n",
              "         3.71531837e-02, -1.97494383e-01,  2.40169353e-04,\n",
              "         2.43742937e-02,  2.72979422e-02,  3.06931789e-01,\n",
              "         1.58908138e-03, -3.55743416e-01,  7.57796121e-01,\n",
              "         0.00000000e+00,  0.00000000e+00,  0.00000000e+00,\n",
              "         0.00000000e+00,  0.00000000e+00],\n",
              "       [-3.24650275e-01,  3.10842392e-02, -2.94249405e-02,\n",
              "        -1.57540316e-03, -8.21285098e-02, -7.43579016e-02,\n",
              "         2.58233829e-01, -3.24766233e-01, -2.57662351e-02,\n",
              "        -8.31190848e-01,  2.89985413e-02,  9.61202840e-02,\n",
              "         8.09013254e-02, -1.25609993e-02, -3.27116767e-03,\n",
              "         0.00000000e+00,  0.00000000e+00,  0.00000000e+00,\n",
              "         0.00000000e+00,  0.00000000e+00],\n",
              "       [ 3.21871444e-01,  1.31787640e-01,  3.68387515e-02,\n",
              "         6.47234037e-03, -4.05425384e-02,  4.66158612e-02,\n",
              "        -1.53925533e-01,  4.10372471e-01, -1.87692688e-02,\n",
              "        -3.95098033e-01,  5.02016311e-02,  3.40268932e-02,\n",
              "        -7.19790537e-01,  5.88901243e-02, -4.14712591e-03,\n",
              "         0.00000000e+00,  0.00000000e+00,  0.00000000e+00,\n",
              "         0.00000000e+00,  0.00000000e+00],\n",
              "       [ 3.19804148e-01,  1.29124436e-01,  3.67703285e-02,\n",
              "         5.34476967e-03, -2.91110216e-02,  5.12623965e-02,\n",
              "        -2.72836663e-01,  4.77176344e-01, -3.46145842e-02,\n",
              "        -3.25428941e-01,  1.80329222e-02,  2.18365789e-03,\n",
              "         6.82286207e-01, -3.17990425e-02, -1.00699211e-02,\n",
              "         0.00000000e+00,  0.00000000e+00,  0.00000000e+00,\n",
              "         0.00000000e+00,  0.00000000e+00]])"
            ]
          },
          "metadata": {},
          "execution_count": 105
        }
      ],
      "source": [
        "# Step 5: Sort Principal Components\n",
        "sorted_indices = np.argsort(eigenvalues)[::-1]  # Sort eigenvalues in descending order\n",
        "sorted_eigenvectors = eigenvectors[:, sorted_indices] # Sort eigenvectors accordingly\n",
        "sorted_eigenvectors"
      ]
    },
    {
      "cell_type": "markdown",
      "metadata": {
        "id": "tQozzr8BlZpO"
      },
      "source": [
        "### Step 6: Project Data onto Principal Components\n",
        "Now that we’ve selected the number of components, we will project the original data onto the chosen principal components.\n",
        "Fill in the code to perform the projection."
      ]
    },
    {
      "cell_type": "code",
      "execution_count": 106,
      "metadata": {
        "id": "XzUdpaSjlZpP",
        "outputId": "62a923a1-f957-492b-f7a6-266ca749a4d7",
        "colab": {
          "base_uri": "https://localhost:8080/"
        }
      },
      "outputs": [
        {
          "output_type": "stream",
          "name": "stdout",
          "text": [
            "Number of components for 80.0% variance: 18\n",
            "Reduced Data Shape: (3929, 18)\n",
            "Original Data Shape: (3929, 20)\n",
            "Reduced Data Shape: (3929, 18)\n"
          ]
        }
      ],
      "source": [
        "import matplotlib.pyplot as plt\n",
        "import numpy as np\n",
        "\n",
        "explained_variance = sorted_indices / np.sum(sorted_indices)\n",
        "\n",
        "threshold = 0.80\n",
        "  # Try reducing to 80% variance instead of 90%\n",
        "\n",
        "# Calculate cumulative explained variance\n",
        "cumulative_explained_variance = np.cumsum(explained_variance)\n",
        "\n",
        "# Find the number of components that explain at least 'threshold' percentage of variance\n",
        "num_components = np.argmax(cumulative_explained_variance >= threshold) + 1\n",
        "print(f\"Number of components for {threshold * 100}% variance: {num_components}\")\n",
        "\n",
        "# Select the eigenvectors for the chosen number of components\n",
        "selected_eigenvectors = sorted_eigenvectors[:, :num_components]\n",
        "\n",
        "reduced_data = standardized_data @ selected_eigenvectors\n",
        "print(f\"Reduced Data Shape: {reduced_data.shape}\")\n",
        "\n",
        "print(f\"Original Data Shape: {standardized_data.shape}\")\n",
        "print(f\"Reduced Data Shape: {reduced_data.shape}\")\n"
      ]
    },
    {
      "cell_type": "markdown",
      "metadata": {
        "id": "rzl7NmsblZpP"
      },
      "source": [
        "### Step 7: Output the Reduced Data\n",
        "Finally, display the reduced data obtained by projecting the original dataset onto the selected principal components."
      ]
    },
    {
      "cell_type": "code",
      "execution_count": 107,
      "metadata": {
        "id": "KWYK5KzilZpQ",
        "outputId": "828228e7-5714-4634-984b-58e0a7fb6cd3",
        "colab": {
          "base_uri": "https://localhost:8080/"
        }
      },
      "outputs": [
        {
          "output_type": "stream",
          "name": "stdout",
          "text": [
            "Reduced Data Shape: (3929, 18)\n"
          ]
        },
        {
          "output_type": "execute_result",
          "data": {
            "text/plain": [
              "array([[-3.19276580e+00,  1.98480089e+00,  1.85485622e+00,\n",
              "         5.40826305e-02,  4.14605090e-01, -3.27582628e-02,\n",
